255 255 255 255 255 255 255 255 255 255 255 255 255 255 255 255
255 255 255 255 255 255 255 255 255 254 255 255 255 255 255 255
255 255 255 255 255 255 255 255 239 133 246 255 255 255 255 255
255 255 255 255 255 255 255 255  90   0 101 246 255 255 255 255
255 255 255 255 252 242 242 242 232  40   0 100 246 255 255 255
255 255 255 255 215   8   8   8   8  11   1   0 100 250 255 255
255 255 255 255 214   1   1   8   8   7   1   1  86 249 255 255
255 255 255 255 214   1  45 255 250  47   0  86 250 255 255 255
255 255 255 255 214   1  45 255  71   1  86 248 255 255 255 255
255 255 255 255 214   1  45 255 242 122 247 255 255 255 255 255
255 255 255 255 214   1  45 255 255 254 255 255 255 255 255 255
255 255 255 255 214   1  45 255 255 255 255 255 255 255 255 255
255 255 255 255 214   1  45 255 255 255 255 255 255 255 255 255
255 255 255 255 246 201 210 255 255 255 255 255 255 255 255 255
255 255 255 255 255 255 255 255 255 255 255 255 255 255 255 255
255 255 255 255 255 255 255 255 255 255 255 255 255 255 255 255
255 255 255 255 255 255 255 255 255 255 255 255 255 255 255 255
255 255 255 255 255 255 255 255 255 254 255 255 255 255 255 255
255 255 255 255 255 255 255 255 239 133 246 255 255 255 255 255
255 255 255 255 255 255 255 255  90   0 101 246 255 255 255 255
255 255 255 255 252 242 242 242 232  40   0 100 246 255 255 255
255 255 255 255 215   8   8   8   8  11   1   0 100 250 255 255
255 255 255 255 214   1   1   8   8   7   1   1  86 249 255 255
255 255 255 255 214   1  45 255 250  47   0  86 250 255 255 255
255 255 255 255 214   1  45 255  71   1  86 248 255 255 255 255
255 255 255 255 214   1  45 255 242 122 247 255 255 255 255 255
255 255 255 255 214   1  45 255 255 254 255 255 255 255 255 255
255 255 255 255 214   1  45 255 255 255 255 255 255 255 255 255
255 255 255 255 214   1  45 255 255 255 255 255 255 255 255 255
255 255 255 255 246 201 210 255 255 255 255 255 255 255 255 255
255 255 255 255 255 255 255 255 255 255 255 255 255 255 255 255
255 255 255 255 255 255 255 255 255 255 255 255 255 255 255 255
255 255 255 255 255 255 255 255 255 255 255 255 255 255 255 255
255 255 255 255 255 255 255 255 255 254 255 255 255 255 255 255
255 255 255 255 255 255 255 255 239 133 246 255 255 255 255 255
255 255 255 255 255 255 255 255  90   0 101 246 255 255 255 255
255 255 255 255 252 242 242 242 232  40   0 100 246 255 255 255
255 255 255 255 215   8   8   8   8  11   1   0 100 250 255 255
255 255 255 255 214   1   1   8   8   7   1   1  86 249 255 255
255 255 255 255 214   1  45 255 250  47   0  86 250 255 255 255
255 255 255 255 214   1  45 255  71   1  86 248 255 255 255 255
255 255 255 255 214   1  45 255 242 122 247 255 255 255 255 255
255 255 255 255 214   1  45 255 255 254 255 255 255 255 255 255
255 255 255 255 214   1  45 255 255 255 255 255 255 255 255 255
255 255 255 255 214   1  45 255 255 255 255 255 255 255 255 255
255 255 255 255 246 201 210 255 255 255 255 255 255 255 255 255
255 255 255 255 255 255 255 255 255 255 255 255 255 255 255 255
255 255 255 255 255 255 255 255 255 255 255 255 255 255 255 255

255 255 255 255 255 255 255 255 255 255 255 255 255 255 255 255
255 255 255 255 255 255 255 255 255 255 255 255 255 255 255 255
255 255 255 255 255 250 249 255 255 255 255 255 255 255 255 255
255 255 255 255 246 100  86 250 255 255 255 255 255 255 255 255
255 255 255 246 100   0   1  86 248 255 255 255 255 255 255 255
255 255 246 101   0   1   1   0  86 247 255 255 255 255 255 255
255 254 133   0  40  11   7  47   1 122 254 255 255 255 255 255
255 255 239  90 232   8   8 250  71 242 255 255 255 255 255 255
255 255 255 255 242   8   8 255 255 255 255 255 255 255 255 255
255 255 255 255 242   8   1  45  45  45  45  45  45 210 255 255
255 255 255 255 242   8   1   1   1   1   1   1   1 201 255 255
255 255 255 255 252 215 214 214 214 214 214 214 214 246 255 255
255 255 255 255 255 255 255 255 255 255 255 255 255 255 255 255
255 255 255 255 255 255 255 255 255 255 255 255 255 255 255 255
255 255 255 255 255 255 255 255 255 255 255 255 255 255 255 255
255 255 255 255 255 255 255 255 255 255 255 255 255 255 255 255
255 255 255 255 255 255 255 255 255 255 255 255 255 255 255 255
255 255 255 255 255 255 255 255 255 255 255 255 255 255 255 255
255 255 255 255 255 250 249 255 255 255 255 255 255 255 255 255
255 255 255 255 246 100  86 250 255 255 255 255 255 255 255 255
255 255 255 246 100   0   1  86 248 255 255 255 255 255 255 255
255 255 246 101   0   1   1   0  86 247 255 255 255 255 255 255
255 254 133   0  40  11   7  47   1 122 254 255 255 255 255 255
255 255 239  90 232   8   8 250  71 242 255 255 255 255 255 255
255 255 255 255 242   8   8 255 255 255 255 255 255 255 255 255
255 255 255 255 242   8   1  45  45  45  45  45  45 210 255 255
255 255 255 255 242   8   1   1   1   1   1   1   1 201 255 255
255 255 255 255 252 215 214 214 214 214 214 214 214 246 255 255
255 255 255 255 255 255 255 255 255 255 255 255 255 255 255 255
255 255 255 255 255 255 255 255 255 255 255 255 255 255 255 255
255 255 255 255 255 255 255 255 255 255 255 255 255 255 255 255
255 255 255 255 255 255 255 255 255 255 255 255 255 255 255 255
255 255 255 255 255 255 255 255 255 255 255 255 255 255 255 255
255 255 255 255 255 255 255 255 255 255 255 255 255 255 255 255
255 255 255 255 255 250 249 255 255 255 255 255 255 255 255 255
255 255 255 255 246 100  86 250 255 255 255 255 255 255 255 255
255 255 255 246 100   0   1  86 248 255 255 255 255 255 255 255
255 255 246 101   0   1   1   0  86 247 255 255 255 255 255 255
255 254 133   0  40  11   7  47   1 122 254 255 255 255 255 255
255 255 239  90 232   8   8 250  71 242 255 255 255 255 255 255
255 255 255 255 242   8   8 255 255 255 255 255 255 255 255 255
255 255 255 255 242   8   1  45  45  45  45  45  45 210 255 255
255 255 255 255 242   8   1   1   1   1   1   1   1 201 255 255
255 255 255 255 252 215 214 214 214 214 214 214 214 246 255 255
255 255 255 255 255 255 255 255 255 255 255 255 255 255 255 255
255 255 255 255 255 255 255 255 255 255 255 255 255 255 255 255
255 255 255 255 255 255 255 255 255 255 255 255 255 255 255 255
255 255 255 255 255 255 255 255 255 255 255 255 255 255 255 255

255 255 255 255 255 255 255 255 255 255 255 255 255 255 255 255
255 255 255 255 255 255 255 255 255 255 255 255 255 255 255 255
255 255 255 255 255 255 255 255 255 210 201 246 255 255 255 255
255 255 255 255 255 255 255 255 255  45   1 214 255 255 255 255
255 255 255 255 255 255 255 255 255  45   1 214 255 255 255 255
255 255 255 255 255 255 254 255 255  45   1 214 255 255 255 255
255 255 255 255 255 247 122 242 255  45   1 214 255 255 255 255
255 255 255 255 248  86   1  71 255  45   1 214 255 255 255 255
255 255 255 250  86   0  47 250 255  45   1 214 255 255 255 255
255 255 249  86   1   1   7   8   8   1   1 214 255 255 255 255
255 255 250 100   0   1  11   8   8   8   8 215 255 255 255 255
255 255 255 246 100   0  40 232 242 242 242 252 255 255 255 255
255 255 255 255 246 101   0  90 255 255 255 255 255 255 255 255
255 255 255 255 255 246 133 239 255 255 255 255 255 255 255 255
255 255 255 255 255 255 254 255 255 255 255 255 255 255 255 255
255 255 255 255 255 255 255 255 255 255 255 255 255 255 255 255
255 255 255 255 255 255 255 255 255 255 255 255 255 255 255 255
255 255 255 255 255 255 255 255 255 255 255 255 255 255 255 255
255 255 255 255 255 255 255 255 255 210 201 246 255 255 255 255
255 255 255 255 255 255 255 255 255  45   1 214 255 255 255 255
255 255 255 255 255 255 255 255 255  45   1 214 255 255 255 255
255 255 255 255 255 255 254 255 255  45   1 214 255 255 255 255
255 255 255 255 255 247 122 242 255  45   1 214 255 255 255 255
255 255 255 255 248  86   1  71 255  45   1 214 255 255 255 255
255 255 255 250  86   0  47 250 255  45   1 214 255 255 255 255
255 255 249  86   1   1   7   8   8   1   1 214 255 255 255 255
255 255 250 100   0   1  11   8   8   8   8 215 255 255 255 255
255 255 255 246 100   0  40 232 242 242 242 252 255 255 255 255
255 255 255 255 246 101   0  90 255 255 255 255 255 255 255 255
255 255 255 255 255 246 133 239 255 255 255 255 255 255 255 255
255 255 255 255 255 255 254 255 255 255 255 255 255 255 255 255
255 255 255 255 255 255 255 255 255 255 255 255 255 255 255 255
255 255 255 255 255 255 255 255 255 255 255 255 255 255 255 255
255 255 255 255 255 255 255 255 255 255 255 255 255 255 255 255
255 255 255 255 255 255 255 255 255 210 201 246 255 255 255 255
255 255 255 255 255 255 255 255 255  45   1 214 255 255 255 255
255 255 255 255 255 255 255 255 255  45   1 214 255 255 255 255
255 255 255 255 255 255 254 255 255  45   1 214 255 255 255 255
255 255 255 255 255 247 122 242 255  45   1 214 255 255 255 255
255 255 255 255 248  86   1  71 255  45   1 214 255 255 255 255
255 255 255 250  86   0  47 250 255  45   1 214 255 255 255 255
255 255 249  86   1   1   7   8   8   1   1 214 255 255 255 255
255 255 250 100   0   1  11   8   8   8   8 215 255 255 255 255
255 255 255 246 100   0  40 232 242 242 242 252 255 255 255 255
255 255 255 255 246 101   0  90 255 255 255 255 255 255 255 255
255 255 255 255 255 246 133 239 255 255 255 255 255 255 255 255
255 255 255 255 255 255 254 255 255 255 255 255 255 255 255 255
255 255 255 255 255 255 255 255 255 255 255 255 255 255 255 255

255 255 255 255 255 255 255 255 255 255 255 255 255 255 255 255
255 255 255 255 255 255 255 255 255 255 255 255 255 255 255 255
255 255 255 255 255 255 255 255 255 255 255 255 255 255 255 255
255 255 255 255 255 255 255 255 255 255 255 255 255 255 255 255
255 255 246 214 214 214 214 214 214 214 215 252 255 255 255 255
255 255 201   1   1   1   1   1   1   1   8 242 255 255 255 255
255 255 210  45  45  45  45  45  45   1   8 242 255 255 255 255
255 255 255 255 255 255 255 255 255   8   8 242 255 255 255 255
255 255 255 255 255 255 242  71 250   8   8 232  90 239 255 255
255 255 255 255 255 254 122   1  47   7  11  40   0 133 254 255
255 255 255 255 255 255 247  86   0   1   1   0 101 246 255 255
255 255 255 255 255 255 255 248  86   1   0 100 246 255 255 255
255 255 255 255 255 255 255 255 250  86 100 246 255 255 255 255
255 255 255 255 255 255 255 255 255 249 250 255 255 255 255 255
255 255 255 255 255 255 255 255 255 255 255 255 255 255 255 255
255 255 255 255 255 255 255 255 255 255 255 255 255 255 255 255
255 255 255 255 255 255 255 255 255 255 255 255 255 255 255 255
255 255 255 255 255 255 255 255 255 255 255 255 255 255 255 255
255 255 255 255 255 255 255 255 255 255 255 255 255 255 255 255
255 255 255 255 255 255 255 255 255 255 255 255 255 255 255 255
255 255 246 214 214 214 214 214 214 214 215 252 255 255 255 255
255 255 201   1   1   1   1   1   1   1   8 242 255 255 255 255
255 255 210  45  45  45  45  45  45   1   8 242 255 255 255 255
255 255 255 255 255 255 255 255 255   8   8 242 255 255 255 255
255 255 255 255 255 255 242  71 250   8   8 232  90 239 255 255
255 255 255 255 255 254 122   1  47   7  11  40   0 133 254 255
255 255 255 255 255 255 247  86   0   1   1   0 101 246 255 255
255 255 255 255 255 255 255 248  86   1   0 100 246 255 255 255
255 255 255 255 255 255 255 255 250  86 100 246 255 255 255 255
255 255 255 255 255 255 255 255 255 249 250 255 255 255 255 255
255 255 255 255 255 255 255 255 255 255 255 255 255 255 255 255
255 255 255 255 255 255 255 255 255 255 255 255 255 255 255 255
255 255 255 255 255 255 255 255 255 255 255 255 255 255 255 255
255 255 255 255 255 255 255 255 255 255 255 255 255 255 255 255
255 255 255 255 255 255 255 255 255 255 255 255 255 255 255 255
255 255 255 255 255 255 255 255 255 255 255 255 255 255 255 255
255 255 246 214 214 214 214 214 214 214 215 252 255 255 255 255
255 255 201   1   1   1   1   1   1   1   8 242 255 255 255 255
255 255 210  45  45  45  45  45  45   1   8 242 255 255 255 255
255 255 255 255 255 255 255 255 255   8   8 242 255 255 255 255
255 255 255 255 255 255 242  71 250   8   8 232  90 239 255 255
255 255 255 255 255 254 122   1  47   7  11  40   0 133 254 255
255 255 255 255 255 255 247  86   0   1   1   0 101 246 255 255
255 255 255 255 255 255 255 248  86   1   0 100 246 255 255 255
255 255 255 255 255 255 255 255 250  86 100 246 255 255 255 255
255 255 255 255 255 255 255 255 255 249 250 255 255 255 255 255
255 255 255 255 255 255 255 255 255 255 255 255 255 255 255 255
255 255 255 255 255 255 255 255 255 255 255 255 255 255 255 255
